CHROMOSOME	INTERVAL	NUM_HITS	MUTATION_RATE
1	[2572292, 2575356]	10	0.0032626427406199023
1	[21901152, 21901665]	5	0.009727626459143969
1	[19732605, 19732744]	1	0.007142857142857143
1	[54586188, 54588432]	12	0.005345211581291759
1	[149764462, 149764734]	1	0.003663003663003663
1	[47201372, 47201792]	4	0.009501187648456057
1	[173990673, 173992087]	7	0.0049469964664310955
1	[23120874, 23120985]	2	0.017857142857142856
1	[2265455, 2267855]	20	0.008329862557267805
1	[4060918, 4061416]	13	0.026052104208416832
1	[165176954, 165177484]	4	0.007532956685499058
1	[180877416, 180877622]	1	0.004830917874396135
1	[92117116, 92117579]	4	0.008620689655172414
1	[110319379, 110319999]	5	0.008051529790660225
1	[120674333, 120674870]	3	0.0055762081784386614
1	[161410089, 161410408]	2	0.00625
1	[2472004, 2474362]	11	0.0046629927935565915
1	[230501842, 230501901]	1	0.016666666666666666
1	[155043237, 155043954]	4	0.005571030640668524
1	[20998332, 20998885]	3	0.005415162454873646
1	[118116147, 118116510]	5	0.013736263736263736
1	[201678516, 201679045]	1	0.0018867924528301887
1	[5408910, 5409116]	4	0.01932367149758454
1	[993480, 995423]	16	0.00823045267489712
1	[165112660, 165113084]	2	0.004705882352941176
1	[3462214, 3462841]	2	0.0031847133757961785
1	[240256096, 240256563]	11	0.023504273504273504
1	[33199525, 33199893]	2	0.005420054200542005
1	[53967517, 53967801]	4	0.014035087719298246
1	[157933443, 157933833]	2	0.005115089514066497
1	[182269023, 182269685]	3	0.004524886877828055
1	[116249449, 116249740]	1	0.003424657534246575
1	[2509125, 2510148]	7	0.0068359375
1	[19051821, 19052037]	2	0.009216589861751152
1	[68236926, 68237278]	2	0.0056657223796034
1	[915652, 916435]	2	0.002551020408163265
1	[41976351, 41976550]	2	0.01
1	[44043277, 44044622]	3	0.002228826151560178
1	[3244594, 3244974]	6	0.015748031496062992
1	[18711782, 18712230]	2	0.004454342984409799
1	[53974779, 53975746]	7	0.007231404958677686
1	[117367899, 117368988]	10	0.009174311926605505
1	[22599028, 22599258]	1	0.004329004329004329
1	[3621836, 3622778]	6	0.006362672322375398
1	[151943176, 151943441]	2	0.007518796992481203
1	[184740392, 184740746]	3	0.008450704225352112
1	[155607201, 155607484]	1	0.0035211267605633804
1	[1080444, 1081290]	4	0.004722550177095631
1	[25174351, 25175361]	2	0.0019782393669634025
1	[94466185, 94466305]	4	0.03305785123966942
1	[32423357, 32423852]	4	0.008064516129032258
1	[16073819, 16074193]	1	0.0026666666666666666
1	[32196618, 32197446]	4	0.0048250904704463205
1	[78443844, 78444203]	1	0.002777777777777778
1	[110504243, 110504504]	2	0.007633587786259542
1	[167604378, 167604978]	3	0.004991680532445923
1	[181158820, 181160054]	8	0.006477732793522267
1	[28422781, 28423094]	1	0.0031847133757961785
1	[52096741, 52096846]	1	0.009433962264150943
1	[205206795, 205207817]	2	0.0019550342130987292
1	[2999669, 3000039]	6	0.016172506738544475
1	[200746165, 200746342]	1	0.0056179775280898875
1	[7674022, 7674188]	1	0.005988023952095809
1	[24077760, 24078170]	3	0.0072992700729927005
1	[201672726, 201673753]	5	0.0048638132295719845
1	[40771154, 40771545]	1	0.002551020408163265
1	[146522165, 146522436]	3	0.011029411764705883
1	[2391194, 2391789]	4	0.006711409395973154
1	[234458694, 234459130]	2	0.004576659038901602
1	[16387866, 16388546]	4	0.005873715124816446
1	[85048869, 85049316]	1	0.002232142857142857
1	[156897026, 156898093]	2	0.0018726591760299626
1	[151263219, 151263519]	1	0.0033222591362126247
1	[202594507, 202594943]	2	0.004576659038901602
1	[157166691, 157167461]	3	0.0038910505836575876
1	[31868390, 31868561]	1	0.005813953488372093
1	[24519642, 24519862]	4	0.01809954751131222
1	[246956734, 246956944]	3	0.014218009478672985
1	[201008594, 201008907]	3	0.009554140127388535
1	[226664765, 226664866]	1	0.00980392156862745
1	[6131821, 6132050]	3	0.013043478260869565
1	[21919414, 21919761]	4	0.011494252873563218
1	[24542873, 24543043]	2	0.011695906432748537
1	[87586467, 87586814]	2	0.005747126436781609
1	[206939618, 206940186]	2	0.0035149384885764497
1	[207981093, 207981278]	2	0.010752688172043012
1	[228534712, 228534880]	2	0.011834319526627219
1	[3396536, 3397085]	2	0.0036363636363636364
1	[3638439, 3638647]	1	0.004784688995215311
1	[12111965, 12112590]	1	0.001597444089456869
1	[24691714, 24692436]	2	0.0027662517289073307
1	[167570646, 167571047]	1	0.0024875621890547263
1	[149046616, 149046732]	2	0.017094017094017096
1	[211395955, 211396152]	2	0.010101010101010102
1	[42347683, 42348131]	2	0.004454342984409799
1	[156458800, 156459504]	1	0.0014184397163120568
1	[2357306, 2357560]	2	0.00784313725490196
1	[154404148, 154404391]	2	0.00819672131147541
1	[23750130, 23750456]	1	0.0030581039755351682
1	[1974410, 1974562]	3	0.0196078431372549
1	[149379542, 149379820]	1	0.0035842293906810036
1	[201450845, 201451662]	1	0.0012224938875305623
1	[23543186, 23544258]	2	0.001863932898415657
1	[205198501, 205199010]	1	0.00196078431372549
1	[228586506, 228586938]	1	0.0023094688221709007
1	[95221357, 95221636]	1	0.0035714285714285713
1	[38467257, 38467525]	1	0.0037174721189591076
1	[28266789, 28267240]	2	0.004424778761061947
1	[112496492, 112496710]	4	0.0182648401826484
1	[151033631, 151033908]	1	0.0035971223021582736
1	[3632943, 3633262]	2	0.00625
1	[10882938, 10883096]	1	0.006289308176100629
1	[156628549, 156628733]	1	0.005405405405405406
1	[40358231, 40358896]	2	0.003003003003003003
1	[155054335, 155054616]	1	0.0035460992907801418
1	[61822751, 61823008]	1	0.003875968992248062
1	[145144503, 145144909]	2	0.004914004914004914
1	[38148036, 38148394]	1	0.002785515320334262
1	[108642797, 108643140]	1	0.0029069767441860465
1	[6336155, 6337152]	1	0.001002004008016032
1	[54447820, 54448005]	2	0.010752688172043012
1	[17035190, 17035464]	1	0.0036363636363636364
1	[25227703, 25227840]	1	0.007246376811594203
1	[154976289, 154976920]	1	0.0015822784810126582
1	[36796692, 36796855]	1	0.006097560975609756
1	[246488293, 246488448]	1	0.00641025641025641
1	[245666934, 245667149]	1	0.004629629629629629
1	[29202808, 29203057]	1	0.004
1	[170532198, 170532475]	1	0.0035971223021582736
1	[110554263, 110554555]	1	0.0034129692832764505
1	[45298107, 45298185]	1	0.012658227848101266
1	[154785805, 154786027]	1	0.004484304932735426
1	[31656766, 31657192]	1	0.00234192037470726
1	[156680908, 156681072]	1	0.006060606060606061
1	[3267690, 3267879]	1	0.005263157894736842
1	[224921175, 224921294]	1	0.008333333333333333
1	[225959970, 225960375]	1	0.0024630541871921183
1	[36644298, 36644920]	1	0.0016051364365971107
8	[143556449, 143557788]	5	0.0037313432835820895
8	[128750490, 128751275]	44	0.05597964376590331
8	[130701457, 130702077]	2	0.00322061191626409
8	[144650570, 144652135]	7	0.004469987228607918
8	[66776674, 66777151]	5	0.010460251046025104
8	[131369829, 131371378]	7	0.004516129032258065
8	[22025916, 22026510]	1	0.0016806722689075631
8	[81490373, 81491190]	2	0.0024449877750611247
8	[81589007, 81589310]	1	0.003289473684210526
8	[23431828, 23432421]	3	0.005050505050505051
8	[46950438, 46951105]	15	0.02245508982035928
8	[61564049, 61565397]	6	0.004447739065974796
8	[93620016, 93620371]	6	0.016853932584269662
8	[145006127, 145006389]	2	0.0076045627376425855
8	[104123652, 104124151]	2	0.004
8	[125042763, 125042882]	3	0.025
8	[12654060, 12654141]	2	0.024390243902439025
8	[143906412, 143906494]	2	0.024096385542168676
8	[22427607, 22427982]	1	0.0026595744680851063
8	[142369079, 142369519]	4	0.009070294784580499
8	[37773584, 37774136]	2	0.003616636528028933
8	[37662106, 37662708]	2	0.003316749585406302
8	[102092507, 102093413]	4	0.004410143329658214
8	[144805315, 144805582]	2	0.007462686567164179
8	[103874980, 103875979]	3	0.003
8	[142339303, 142339880]	3	0.005190311418685121
8	[143274151, 143274300]	2	0.013333333333333334
8	[915646, 916057]	3	0.007281553398058253
8	[28479589, 28480587]	5	0.005005005005005005
8	[130765995, 130766075]	2	0.024691358024691357
8	[133227773, 133228129]	4	0.011204481792717087
8	[57905103, 57905522]	1	0.002380952380952381
8	[102171086, 102172007]	2	0.0021691973969631237
8	[144469042, 144469432]	2	0.005115089514066497
8	[128910677, 128911913]	5	0.004042037186742118
8	[143422029, 143422264]	2	0.00847457627118644
8	[23025459, 23025691]	1	0.004291845493562232
8	[126446870, 126447216]	2	0.005763688760806916
8	[86848135, 86848629]	3	0.006060606060606061
8	[145288161, 145288784]	1	0.0016025641025641025
8	[144476617, 144477024]	2	0.004901960784313725
8	[144800871, 144801364]	1	0.0020242914979757085
8	[144413983, 144414345]	1	0.0027548209366391185
8	[37642088, 37642414]	1	0.0030581039755351682
7	[149486904, 149487708]	7	0.008695652173913044
7	[150900035, 150901013]	9	0.009193054136874362
7	[129164284, 129164459]	1	0.005681818181818182
7	[14020690, 14021105]	5	0.01201923076923077
7	[151089318, 151089886]	7	0.012302284710017574
7	[1408029, 1409375]	7	0.005196733481811433
7	[142246082, 142246498]	5	0.011990407673860911
7	[1294351, 1294877]	2	0.003795066413662239
7	[39785732, 39786162]	3	0.0069605568445475635
7	[43043841, 43043993]	3	0.0196078431372549
7	[101360876, 101361704]	4	0.0048250904704463205
7	[158856327, 158858285]	20	0.010209290454313425
7	[158899532, 158899694]	2	0.012269938650306749
7	[1798030, 1798629]	8	0.013333333333333334
7	[32701673, 32702560]	2	0.0022522522522522522
7	[101648247, 101648519]	1	0.003663003663003663
7	[157985799, 157986371]	6	0.010471204188481676
7	[77619368, 77619814]	1	0.0022371364653243847
7	[149525666, 149526724]	6	0.0056657223796034
7	[76632675, 76634958]	6	0.002626970227670753
7	[56072475, 56072942]	3	0.00641025641025641
7	[75835870, 75836301]	4	0.009259259259259259
7	[73020036, 73020223]	3	0.015957446808510637
7	[47725440, 47725687]	1	0.004032258064516129
7	[100279072, 100281352]	8	0.0035072336694432268
7	[151417780, 151418057]	3	0.01079136690647482
7	[494469, 495935]	10	0.006816632583503749
7	[131270895, 131271429]	6	0.011214953271028037
7	[44267581, 44268654]	8	0.0074487895716946
7	[45131850, 45132590]	3	0.004048582995951417
7	[150661699, 150662236]	4	0.007434944237918215
7	[150969108, 150970802]	10	0.0058997050147492625
7	[45001154, 45001602]	1	0.0022271714922048997
7	[149457694, 149458875]	5	0.004230118443316413
7	[1287103, 1287331]	2	0.008733624454148471
7	[5335906, 5336866]	2	0.002081165452653486
7	[1687535, 1688764]	6	0.004878048780487805
7	[35037852, 35038424]	3	0.005235602094240838
7	[44196898, 44197848]	5	0.005257623554153523
7	[134236839, 134237162]	3	0.009259259259259259
7	[132340267, 132340427]	4	0.024844720496894408
7	[157589017, 157589161]	2	0.013793103448275862
7	[100400992, 100401709]	2	0.002785515320334262
7	[2697814, 2697961]	2	0.013513513513513514
7	[2722488, 2722701]	1	0.004672897196261682
7	[44613171, 44613948]	5	0.006426735218508998
7	[129162583, 129162832]	3	0.012
7	[66386980, 66387536]	3	0.005385996409335727
7	[1076236, 1076503]	3	0.011194029850746268
7	[128560479, 128560882]	2	0.0049504950495049506
7	[73636094, 73636303]	1	0.004761904761904762
7	[50564538, 50565287]	5	0.006666666666666667
7	[73632421, 73632516]	1	0.010416666666666666
7	[139703711, 139704119]	2	0.004889975550122249
7	[1267060, 1267175]	2	0.017241379310344827
7	[140335255, 140335375]	1	0.008264462809917356
7	[158319872, 158320006]	2	0.014814814814814815
7	[105295536, 105296336]	5	0.006242197253433208
7	[582270, 583235]	1	0.0010351966873706005
7	[157313606, 157313738]	2	0.015037593984962405
7	[116726947, 116727147]	1	0.004975124378109453
7	[143055230, 143055583]	2	0.005649717514124294
7	[5517692, 5518020]	1	0.00303951367781155
7	[101158040, 101158192]	2	0.013071895424836602
7	[97941602, 97941766]	1	0.006060606060606061
7	[116853061, 116853379]	2	0.006269592476489028
7	[5886771, 5887451]	2	0.002936857562408223
7	[155325734, 155326125]	1	0.002551020408163265
7	[2421051, 2421335]	2	0.007017543859649123
7	[149495752, 149496234]	2	0.004140786749482402
7	[151424479, 151425344]	2	0.0023094688221709007
7	[155021840, 155022231]	1	0.002551020408163265
7	[45620244, 45620538]	2	0.006779661016949152
7	[291694, 291948]	1	0.00392156862745098
7	[158789635, 158789973]	1	0.0029498525073746312
19	[14895589, 14896382]	9	0.011335012594458438
19	[1859958, 1860523]	3	0.00530035335689046
19	[620740, 621678]	2	0.002129925452609159
19	[12995660, 12997397]	9	0.005178365937859608
19	[35047425, 35047927]	5	0.009940357852882704
19	[13250220, 13251998]	3	0.0016863406408094434
19	[584008, 585065]	3	0.002835538752362949
19	[1744456, 1745510]	5	0.004739336492890996
19	[42680921, 42681643]	2	0.0027662517289073307
19	[46385909, 46387118]	8	0.006611570247933884
19	[1684909, 1685382]	4	0.008438818565400843
19	[3024756, 3025466]	8	0.011251758087201125
19	[51171522, 51173250]	12	0.006940427993059572
19	[19664787, 19665645]	10	0.011641443538998836
19	[2729992, 2730618]	2	0.003189792663476874
19	[8807644, 8807769]	1	0.007936507936507936
19	[8680577, 8680986]	3	0.007317073170731708
19	[1455016, 1456640]	4	0.0024615384615384616
19	[43978998, 43979900]	8	0.008859357696566999
19	[48222679, 48223070]	1	0.002551020408163265
19	[56698270, 56698868]	3	0.005008347245409015
19	[4915126, 4915500]	2	0.005333333333333333
19	[18770917, 18771709]	1	0.0012610340479192938
19	[1394291, 1394856]	3	0.00530035335689046
19	[1675695, 1676296]	4	0.006644518272425249
19	[57683216, 57683781]	2	0.0035335689045936395
19	[50836467, 50837747]	7	0.00546448087431694
19	[13952630, 13954138]	5	0.0033134526176275677
19	[1081833, 1083191]	7	0.0051508462104488595
19	[42391904, 42392480]	3	0.005199306759098787
19	[50770044, 50770627]	3	0.005136986301369863
19	[38692268, 38692852]	4	0.006837606837606838
19	[53966528, 53966920]	1	0.002544529262086514
19	[50771455, 50771582]	2	0.015625
19	[3576848, 3577675]	4	0.004830917874396135
19	[39620655, 39620949]	3	0.010169491525423728
19	[15310442, 15311371]	1	0.001075268817204301
19	[43045829, 43046129]	2	0.006644518272425249
19	[1690589, 1691820]	4	0.003246753246753247
19	[8764008, 8764487]	3	0.00625
19	[16362332, 16362577]	1	0.0040650406504065045
19	[55652483, 55652978]	5	0.010080645161290322
19	[6218295, 6220322]	8	0.0039447731755424065
19	[46094101, 46094634]	1	0.0018726591760299626
19	[54846450, 54846621]	2	0.011627906976744186
19	[18913170, 18913619]	2	0.0044444444444444444
19	[19162395, 19162651]	1	0.0038910505836575876
19	[18499016, 18499704]	2	0.002902757619738752
19	[48466501, 48466767]	3	0.011235955056179775
19	[35635501, 35636460]	4	0.004166666666666667
19	[6161131, 6161920]	7	0.008860759493670886
19	[35471142, 35471378]	2	0.008438818565400843
19	[45100222, 45100398]	3	0.01694915254237288
19	[51189612, 51190254]	4	0.006220839813374806
19	[4971229, 4971736]	4	0.007874015748031496
19	[41932961, 41934560]	5	0.003125
19	[3343594, 3344655]	6	0.005649717514124294
19	[29353226, 29353406]	1	0.0055248618784530384
19	[39797969, 39798208]	1	0.004166666666666667
19	[40009132, 40010009]	5	0.0056947608200455585
19	[42418291, 42418590]	1	0.0033333333333333335
19	[48762935, 48763703]	1	0.0013003901170351106
19	[54494469, 54495167]	6	0.008583690987124463
19	[5006213, 5006495]	1	0.0035335689045936395
19	[48000146, 48001538]	3	0.0021536252692031586
19	[15740102, 15740520]	2	0.00477326968973747
19	[30363974, 30364831]	5	0.005827505827505828
19	[11046113, 11046515]	1	0.0024813895781637717
19	[9419963, 9421090]	4	0.0035460992907801418
19	[19223740, 19224300]	2	0.0035650623885918
19	[2987173, 2987457]	2	0.007017543859649123
19	[50992904, 50993302]	4	0.010025062656641603
19	[14647537, 14648567]	1	0.0009699321047526673
19	[35843422, 35844094]	3	0.004457652303120356
19	[764221, 764294]	1	0.013513513513513514
19	[11312201, 11312584]	2	0.005208333333333333
19	[2187903, 2188201]	2	0.006688963210702341
19	[4352615, 4353132]	1	0.0019305019305019305
19	[6018795, 6019266]	1	0.00211864406779661
19	[11094836, 11094915]	1	0.0125
19	[29434562, 29434939]	1	0.0026455026455026454
19	[14466570, 14467429]	1	0.0011627906976744186
19	[1302111, 1302235]	1	0.008
19	[36313500, 36313869]	2	0.005405405405405406
19	[51479190, 51479336]	1	0.006802721088435374
19	[49379547, 49379947]	1	0.0024937655860349127
19	[39728373, 39728767]	1	0.002531645569620253
5	[1053136, 1053624]	4	0.0081799591002045
5	[167033350, 167033430]	3	0.037037037037037035
5	[777451, 778265]	9	0.011042944785276074
5	[6732223, 6732278]	1	0.017857142857142856
5	[170877902, 170878299]	3	0.007537688442211055
5	[178694111, 178694183]	2	0.0273972602739726
5	[42587502, 42588229]	7	0.009615384615384616
5	[177223784, 177224366]	1	0.0017152658662092624
5	[177623988, 177624320]	3	0.009009009009009009
5	[76237484, 76237577]	3	0.031914893617021274
5	[76878024, 76878330]	3	0.009771986970684038
5	[1165159, 1165261]	2	0.019417475728155338
5	[77268573, 77268822]	2	0.008
5	[156277551, 156277669]	3	0.025210084033613446
5	[498069, 498506]	4	0.0091324200913242
5	[124070881, 124071332]	2	0.004424778761061947
5	[14061262, 14061534]	1	0.003663003663003663
5	[29796082, 29796596]	15	0.02912621359223301
5	[1103771, 1104185]	1	0.0024096385542168677
5	[3392361, 3392798]	4	0.0091324200913242
5	[110797189, 110797362]	1	0.005747126436781609
5	[176154405, 176154770]	2	0.00546448087431694
5	[141228229, 141230697]	5	0.002025111381125962
5	[170171391, 170171896]	1	0.001976284584980237
5	[52095599, 52096299]	3	0.0042796005706134095
5	[36875246, 36875679]	3	0.0069124423963133645
5	[88338681, 88338875]	2	0.010256410256410256
5	[6411362, 6411498]	1	0.0072992700729927005
5	[177665756, 177665828]	3	0.0410958904109589
5	[86308909, 86309200]	1	0.003424657534246575
5	[1109732, 1109913]	1	0.005494505494505495
5	[171983936, 171984143]	1	0.004807692307692308
5	[96518440, 96518557]	1	0.00847457627118644
5	[139188120, 139188569]	1	0.0022222222222222222
5	[137883737, 137883991]	1	0.00392156862745098
5	[172753610, 172753881]	1	0.003676470588235294
5	[39167447, 39167556]	1	0.00909090909090909
5	[76151812, 76151993]	1	0.005494505494505495
5	[52096472, 52096870]	1	0.002506265664160401
5	[175605960, 175606075]	1	0.008620689655172414
11	[33958518, 33959265]	7	0.009358288770053475
11	[61536958, 61537364]	3	0.007371007371007371
11	[33963092, 33963689]	6	0.010033444816053512
11	[63841668, 63842193]	4	0.0076045627376425855
11	[69282273, 69282912]	3	0.0046875
11	[117296682, 117297621]	8	0.00851063829787234
11	[67820597, 67820970]	3	0.008021390374331552
11	[78127763, 78128372]	3	0.004918032786885246
11	[97554815, 97554979]	3	0.01818181818181818
11	[45920820, 45921868]	6	0.005719733079122974
11	[66468907, 66469769]	6	0.006952491309385863
11	[45376716, 45377316]	7	0.011647254575707155
11	[1417333, 1417563]	4	0.017316017316017316
11	[71951375, 71952152]	5	0.006426735218508998
11	[76375398, 76376550]	4	0.003469210754553339
11	[75287484, 75287842]	2	0.005571030640668524
11	[78001348, 78001632]	1	0.0035087719298245615
11	[76742176, 76742346]	2	0.011695906432748537
11	[69470193, 69470677]	2	0.004123711340206186
11	[71350210, 71350683]	4	0.008438818565400843
11	[1250028, 1250438]	2	0.004866180048661801
11	[61627605, 61628223]	3	0.004846526655896607
11	[62658664, 62659056]	2	0.005089058524173028
11	[58421488, 58421876]	2	0.005141388174807198
11	[70588394, 70589333]	8	0.00851063829787234
11	[94467752, 94467934]	1	0.00546448087431694
11	[130697662, 130698055]	2	0.005076142131979695
11	[33966182, 33966805]	3	0.004807692307692308
11	[60701704, 60702003]	2	0.006666666666666667
11	[92675172, 92675468]	3	0.010101010101010102
11	[68411077, 68411846]	2	0.0025974025974025974
11	[43965384, 43966810]	2	0.001401541695865452
11	[3247438, 3247850]	1	0.002421307506053269
11	[117281806, 117282132]	4	0.012232415902140673
11	[27545879, 27546038]	1	0.00625
11	[1799409, 1799974]	4	0.007067137809187279
11	[12263891, 12264243]	3	0.0084985835694051
11	[108288427, 108288523]	1	0.010309278350515464
11	[130731732, 130732305]	4	0.006968641114982578
11	[66845737, 66846247]	3	0.005870841487279843
11	[1779519, 1779800]	1	0.0035460992907801418
11	[114021350, 114021835]	1	0.00205761316872428
11	[75514111, 75514717]	1	0.0016474464579901153
11	[9142460, 9142829]	2	0.005405405405405406
11	[496765, 497116]	1	0.002840909090909091
11	[72469414, 72470673]	3	0.002380952380952381
11	[78003166, 78003679]	2	0.0038910505836575876
11	[47391344, 47391661]	1	0.0031446540880503146
11	[117492074, 117492241]	1	0.005952380952380952
11	[68137790, 68137971]	1	0.005494505494505495
11	[33974485, 33974572]	1	0.011363636363636364
11	[529963, 530249]	1	0.003484320557491289
11	[1393972, 1394116]	1	0.006896551724137931
11	[78451354, 78451453]	1	0.01
15	[69276188, 69276841]	2	0.0030581039755351682
15	[74600178, 74601140]	4	0.004153686396677051
15	[93593692, 93594221]	6	0.011320754716981131
15	[71418431, 71418746]	1	0.0031645569620253164
15	[78168024, 78169166]	1	0.0008748906386701663
15	[89030731, 89030891]	1	0.006211180124223602
15	[29966852, 29967490]	3	0.004694835680751174
15	[78162491, 78163436]	5	0.005285412262156448
15	[74537959, 74538204]	3	0.012195121951219513
15	[27777466, 27777923]	5	0.010917030567685589
15	[75521242, 75521467]	3	0.01327433628318584
15	[27372878, 27373306]	7	0.016317016317016316
15	[100330961, 100331402]	1	0.0022624434389140274
15	[22436042, 22436448]	9	0.022113022113022112
15	[49205427, 49205626]	1	0.005
15	[99978630, 99978744]	4	0.034782608695652174
15	[40550108, 40551008]	3	0.003329633740288568
15	[75978434, 75979098]	2	0.0030075187969924814
15	[37390740, 37391461]	4	0.00554016620498615
15	[66198919, 66199096]	1	0.0056179775280898875
15	[40068227, 40068525]	1	0.0033444816053511705
15	[70731729, 70732227]	5	0.01002004008016032
15	[100332429, 100332673]	1	0.004081632653061225
15	[74665726, 74667411]	2	0.0011862396204033216
15	[29419035, 29419741]	5	0.007072135785007072
15	[80036984, 80037107]	1	0.008064516129032258
15	[96816725, 96817410]	5	0.007288629737609329
15	[65510176, 65510945]	3	0.003896103896103896
15	[40622568, 40623479]	3	0.003289473684210526
15	[63683897, 63684380]	4	0.008264462809917356
15	[72529615, 72530239]	1	0.0016
15	[77934984, 77935806]	5	0.006075334143377886
15	[37312077, 37312527]	1	0.0022172949002217295
15	[66373492, 66373635]	1	0.006944444444444444
15	[68217641, 68217959]	1	0.003134796238244514
15	[102313984, 102314281]	1	0.003355704697986577
15	[69433948, 69434022]	1	0.013333333333333334
15	[78040027, 78040274]	2	0.008064516129032258
15	[41796938, 41797186]	2	0.008032128514056224
15	[77922217, 77922887]	2	0.0029806259314456036
15	[97034895, 97035180]	3	0.01048951048951049
15	[30465512, 30465899]	1	0.002577319587628866
15	[76002262, 76002926]	1	0.0015037593984962407
15	[30218011, 30218436]	1	0.002347417840375587
15	[89032555, 89032862]	1	0.003246753246753247
15	[91414831, 91415345]	1	0.001941747572815534
15	[55818737, 55819065]	1	0.00303951367781155
17	[37908569, 37909014]	1	0.002242152466367713
17	[40464255, 40465417]	6	0.005159071367153913
17	[78426715, 78429449]	11	0.0040219378427787935
17	[38229177, 38229511]	2	0.005970149253731343
17	[13413334, 13413833]	2	0.004
17	[42589128, 42589543]	3	0.007211538461538462
17	[13503986, 13504407]	1	0.002369668246445498
17	[17714850, 17716428]	2	0.001266624445851805
17	[54793155, 54793658]	6	0.011904761904761904
17	[21355724, 21355977]	1	0.003937007874015748
17	[37809503, 37810543]	2	0.0019212295869356388
17	[29024411, 29025558]	3	0.002613240418118467
17	[43226514, 43226945]	1	0.0023148148148148147
17	[75382218, 75382750]	1	0.001876172607879925
17	[15074820, 15075070]	2	0.00796812749003984
17	[32198608, 32199248]	13	0.0202808112324493
17	[60707759, 60707997]	2	0.008368200836820083
17	[5845968, 5846886]	6	0.006528835690968444
17	[62067717, 62068175]	3	0.006535947712418301
17	[76169080, 76169679]	1	0.0016666666666666668
17	[61775157, 61776070]	7	0.007658643326039387
17	[78993030, 78993611]	3	0.005154639175257732
17	[18871047, 18871694]	1	0.0015432098765432098
17	[72756097, 72757462]	5	0.0036603221083455345
17	[17722877, 17723454]	1	0.0017301038062283738
17	[6564199, 6564400]	3	0.01485148514851485
17	[2302697, 2303603]	5	0.005512679162072767
17	[41411595, 41411912]	2	0.006289308176100629
17	[38225087, 38225455]	1	0.0027100271002710027
17	[79700623, 79701367]	2	0.0026845637583892616
17	[40471757, 40472405]	3	0.004622496147919877
17	[43039308, 43039712]	1	0.0024691358024691358
17	[79397002, 79397349]	2	0.005747126436781609
17	[29028178, 29028493]	1	0.0031645569620253164
17	[60217867, 60217912]	3	0.06521739130434782
17	[80780864, 80781362]	1	0.002004008016032064
17	[4447462, 4447580]	1	0.008403361344537815
17	[74023073, 74023166]	1	0.010638297872340425
17	[21317895, 21318290]	2	0.005050505050505051
17	[10517901, 10518206]	2	0.006535947712418301
17	[81060126, 81061186]	1	0.000942507068803016
17	[40811819, 40812349]	1	0.0018832391713747645
17	[30916103, 30916337]	1	0.00425531914893617
17	[42015333, 42015954]	2	0.003215434083601286
17	[55939875, 55940691]	2	0.0024479804161566705
17	[48681793, 48682018]	2	0.008849557522123894
17	[77792873, 77793252]	2	0.005263157894736842
17	[56083714, 56084248]	1	0.001869158878504673
17	[48961401, 48961551]	1	0.006622516556291391
17	[76990206, 76990556]	1	0.002849002849002849
17	[79501263, 79501580]	1	0.0031446540880503146
17	[71152284, 71152764]	1	0.002079002079002079
17	[79974097, 79974436]	2	0.0058823529411764705
17	[62015733, 62015796]	1	0.015625
4	[3444871, 3446365]	8	0.005351170568561873
4	[9002200, 9002691]	3	0.006097560975609756
4	[27085623, 27085820]	5	0.025252525252525252
4	[1013185, 1013934]	5	0.006666666666666667
4	[1602658, 1602755]	1	0.01020408163265306
4	[1569434, 1570254]	5	0.0060901339829476245
4	[49163206, 49163446]	1	0.004149377593360996
4	[4144494, 4144740]	2	0.008097165991902834
4	[185231499, 185231741]	1	0.00411522633744856
4	[9533656, 9534318]	4	0.006033182503770739
4	[7541239, 7541981]	3	0.004037685060565276
4	[3049133, 3049502]	2	0.005405405405405406
4	[4184389, 4184995]	7	0.011532125205930808
4	[77227184, 77228064]	7	0.007945516458569807
4	[138774771, 138774944]	6	0.034482758620689655
4	[153979600, 153979775]	1	0.005681818181818182
4	[1764770, 1765962]	2	0.0016764459346186086
4	[5004959, 5005753]	9	0.011320754716981131
4	[4325663, 4326380]	4	0.005571030640668524
4	[3494079, 3494739]	2	0.0030257186081694403
4	[2537175, 2539305]	5	0.002346316283435007
4	[42304423, 42304751]	1	0.00303951367781155
4	[6889676, 6890125]	1	0.0022222222222222222
4	[25379881, 25380146]	3	0.011278195488721804
4	[10125234, 10125786]	1	0.0018083182640144665
4	[2802566, 2803345]	2	0.002564102564102564
4	[110106745, 110107003]	1	0.003861003861003861
4	[132646066, 132646460]	2	0.005063291139240506
4	[38675318, 38675581]	1	0.003787878787878788
4	[115728969, 115729280]	3	0.009615384615384616
4	[185805310, 185805789]	2	0.004166666666666667
4	[174555320, 174555417]	1	0.01020408163265306
4	[3468019, 3468393]	2	0.005333333333333333
4	[68904135, 68904232]	1	0.01020408163265306
4	[115509575, 115509846]	1	0.003676470588235294
12	[14410404, 14411333]	9	0.00967741935483871
12	[48180705, 48180838]	1	0.007462686567164179
12	[131748321, 131748459]	2	0.014388489208633094
12	[133129543, 133130029]	6	0.012320328542094456
12	[49725210, 49725988]	2	0.0025673940949935813
12	[122502671, 122503215]	2	0.003669724770642202
12	[124997089, 124997857]	3	0.0039011703511053317
12	[34357008, 34357118]	2	0.018018018018018018
12	[124292369, 124292572]	1	0.004901960784313725
12	[103969037, 103969453]	2	0.004796163069544364
12	[125769604, 125769850]	3	0.012145748987854251
12	[133160150, 133160473]	1	0.0030864197530864196
12	[123351466, 123352705]	7	0.00564516129032258
12	[68763865, 68764575]	5	0.007032348804500703
12	[133363859, 133364248]	3	0.007692307692307693
12	[48206527, 48207595]	7	0.006548175865294668
12	[67851741, 67851917]	2	0.011299435028248588
12	[117020468, 117020917]	2	0.0044444444444444444
12	[133174467, 133174740]	1	0.0036496350364963502
12	[52258675, 52259649]	3	0.003076923076923077
12	[58359720, 58359909]	2	0.010526315789473684
12	[49938339, 49938673]	2	0.005970149253731343
12	[111137337, 111137586]	7	0.028
12	[121443107, 121443506]	3	0.0075
12	[50285905, 50286609]	4	0.005673758865248227
12	[57145016, 57145317]	1	0.0033112582781456954
12	[124935830, 124936666]	4	0.0047789725209080045
12	[10658226, 10658586]	3	0.008310249307479225
12	[116989847, 116990031]	2	0.010810810810810811
12	[113906310, 113906458]	1	0.006711409395973154
12	[133055429, 133055811]	1	0.0026109660574412533
12	[108484354, 108484612]	4	0.015444015444015444
12	[56374665, 56374850]	1	0.005376344086021506
12	[123379134, 123379752]	1	0.0016155088852988692
12	[133016279, 133016482]	1	0.004901960784313725
12	[131194428, 131194484]	2	0.03508771929824561
12	[57613923, 57614097]	1	0.005714285714285714
12	[56498987, 56499272]	1	0.0034965034965034965
12	[133099727, 133099876]	2	0.013333333333333334
12	[52543449, 52543662]	2	0.009345794392523364
12	[133060418, 133060588]	1	0.005847953216374269
12	[57638810, 57639132]	1	0.0030959752321981426
12	[46124185, 46124312]	1	0.0078125
14	[106146186, 106147462]	10	0.007830853563038372
14	[103603042, 103603763]	4	0.00554016620498615
14	[101691734, 101692224]	4	0.008146639511201629
14	[100844077, 100844494]	5	0.011961722488038277
14	[24398940, 24399381]	4	0.00904977375565611
14	[106856807, 106857706]	5	0.005555555555555556
14	[50066251, 50066647]	1	0.0025188916876574307
14	[21660077, 21660467]	2	0.005115089514066497
14	[78351677, 78352117]	1	0.0022675736961451248
14	[51027148, 51027429]	3	0.010638297872340425
14	[71786629, 71788236]	4	0.0024875621890547263
14	[35834642, 35835749]	2	0.0018050541516245488
14	[104190471, 104190819]	2	0.0057306590257879654
14	[83159329, 83159576]	5	0.020161290322580645
14	[105837111, 105837613]	3	0.005964214711729622
14	[102982834, 102984133]	3	0.002307692307692308
14	[91272089, 91273012]	2	0.0021645021645021645
14	[94405952, 94406368]	1	0.002398081534772182
14	[93410268, 93410537]	2	0.007407407407407408
16	[49888999, 49890121]	2	0.0017809439002671415
16	[85487871, 85488015]	2	0.013793103448275862
16	[87973177, 87973553]	3	0.007957559681697613
16	[70759396, 70760713]	5	0.0037936267071320183
16	[3156162, 3157007]	6	0.0070921985815602835
16	[2517103, 2517783]	2	0.002936857562408223
16	[1152515, 1153876]	6	0.004405286343612335
16	[3100009, 3100148]	1	0.007142857142857143
16	[18601202, 18601518]	5	0.015772870662460567
16	[1270031, 1270801]	7	0.009079118028534372
16	[49384338, 49384823]	7	0.01440329218106996
16	[31093883, 31094806]	2	0.0021645021645021645
16	[88682916, 88684189]	7	0.005494505494505495
16	[86553517, 86554097]	1	0.0017211703958691911
16	[85493477, 85497207]	7	0.001876172607879925
16	[4253777, 4254118]	5	0.014619883040935672
16	[1099827, 1099970]	1	0.006944444444444444
16	[57790973, 57791651]	3	0.004418262150220913
16	[33952245, 33952745]	7	0.013972055888223553
16	[88971793, 88972884]	5	0.004578754578754579
16	[50287633, 50288369]	4	0.005427408412483039
16	[57221142, 57221436]	1	0.003389830508474576
16	[3137232, 3137513]	3	0.010638297872340425
16	[28507302, 28507429]	2	0.015625
16	[29244750, 29245505]	3	0.003968253968253968
16	[57713728, 57713930]	3	0.014778325123152709
16	[89058209, 89060556]	18	0.007666098807495741
16	[22201532, 22202971]	12	0.008333333333333333
16	[18546775, 18547153]	4	0.010554089709762533
16	[30510564, 30511004]	4	0.009070294784580499
16	[10776968, 10777373]	2	0.0049261083743842365
16	[11120627, 11121018]	5	0.012755102040816327
16	[29163027, 29163148]	2	0.01639344262295082
16	[88265123, 88265449]	2	0.0061162079510703364
16	[85424120, 85424854]	4	0.005442176870748299
16	[88388474, 88389205]	6	0.00819672131147541
16	[2139369, 2139552]	3	0.016304347826086956
16	[86964445, 86964551]	1	0.009345794392523364
16	[30017783, 30018068]	2	0.006993006993006993
16	[2003001, 2003045]	1	0.022222222222222223
16	[27876605, 27876862]	1	0.003875968992248062
16	[1478344, 1479324]	3	0.0030581039755351682
16	[88549562, 88550030]	1	0.0021321961620469083
16	[4256994, 4257135]	2	0.014084507042253521
16	[29710615, 29711255]	1	0.0015600624024961
16	[81771508, 81772253]	6	0.00804289544235925
16	[84214170, 84214602]	1	0.0023094688221709007
16	[67047624, 67048479]	4	0.004672897196261682
16	[88557685, 88558869]	3	0.002531645569620253
16	[31383445, 31383613]	1	0.005917159763313609
16	[88898250, 88898802]	2	0.003616636528028933
16	[88130081, 88130468]	2	0.005154639175257732
16	[57517893, 57518508]	1	0.0016233766233766235
16	[57729774, 57729932]	1	0.006289308176100629
16	[88991489, 88992100]	1	0.0016339869281045752
16	[83964283, 83964518]	2	0.00847457627118644
16	[23690567, 23691327]	2	0.002628120893561104
16	[87681952, 87682365]	1	0.0024154589371980675
16	[88759540, 88759632]	1	0.010752688172043012
3	[142894915, 142895244]	4	0.012121212121212121
3	[73159637, 73160736]	15	0.013636363636363636
3	[133524295, 133525406]	4	0.0035971223021582736
3	[133662296, 133662967]	4	0.005952380952380952
3	[52062885, 52063575]	4	0.005788712011577424
3	[185661209, 185661745]	1	0.00186219739292365
3	[128134018, 128136418]	14	0.0058309037900874635
3	[141030270, 141032389]	20	0.009433962264150943
3	[128201571, 128202467]	7	0.007803790412486065
3	[194807560, 194807797]	2	0.008403361344537815
3	[127023176, 127023384]	6	0.028708133971291867
3	[42054256, 42056047]	5	0.0027901785714285715
3	[51922476, 51923001]	8	0.015209125475285171
3	[58292571, 58293043]	3	0.006342494714587738
3	[47038241, 47038569]	2	0.0060790273556231
3	[48721880, 48722431]	2	0.0036231884057971015
3	[45145810, 45146242]	1	0.0023094688221709007
3	[184311127, 184311727]	3	0.004991680532445923
3	[188665266, 188665681]	1	0.002403846153846154
3	[186818972, 186819939]	4	0.004132231404958678
3	[193941822, 193942408]	3	0.005110732538330494
3	[196290762, 196291131]	2	0.005405405405405406
3	[13122173, 13122367]	1	0.005128205128205128
3	[172195011, 172195484]	4	0.008438818565400843
3	[129132116, 129133314]	4	0.003336113427856547
3	[172554307, 172554499]	3	0.015544041450777202
3	[183693521, 183694070]	2	0.0036363636363636364
3	[49878641, 49878877]	1	0.004219409282700422
3	[120341915, 120342625]	3	0.004219409282700422
3	[129721840, 129722200]	1	0.002770083102493075
3	[14467111, 14467238]	1	0.0078125
3	[57769302, 57769691]	1	0.002564102564102564
3	[186490281, 186490511]	1	0.004329004329004329
3	[13655365, 13655608]	3	0.012295081967213115
3	[194489680, 194490361]	3	0.004398826979472141
3	[185136526, 185136654]	1	0.007751937984496124
3	[127794268, 127794937]	1	0.0014925373134328358
3	[130508680, 130508876]	1	0.005076142131979695
3	[186882907, 186883241]	2	0.005970149253731343
3	[140455936, 140456283]	1	0.0028735632183908046
3	[184231407, 184231981]	1	0.0017391304347826088
3	[45103519, 45103893]	1	0.0026666666666666666
3	[33996528, 33996804]	3	0.010830324909747292
3	[14440234, 14440554]	1	0.003115264797507788
3	[126627445, 126628118]	6	0.008902077151335312
3	[13417051, 13417267]	1	0.004608294930875576
3	[11586900, 11587313]	1	0.0024154589371980675
3	[128428485, 128428575]	1	0.01098901098901099
3	[193311576, 193311804]	1	0.004366812227074236
3	[129977283, 129977752]	1	0.002127659574468085
13	[75800297, 75800578]	5	0.01773049645390071
13	[97619550, 97620028]	6	0.012526096033402923
13	[27957861, 27958085]	4	0.017777777777777778
13	[113098233, 113098775]	3	0.0055248618784530384
13	[47064966, 47065162]	1	0.005076142131979695
13	[29156739, 29157132]	2	0.005076142131979695
13	[100927204, 100927425]	1	0.0045045045045045045
21	[43092053, 43092535]	1	0.002070393374741201
21	[36937491, 36937775]	2	0.007017543859649123
21	[45969818, 45970567]	10	0.013333333333333334
21	[45931973, 45932178]	2	0.009708737864077669
21	[32831836, 32832124]	3	0.010380622837370242
21	[42944138, 42944344]	1	0.004830917874396135
21	[47408989, 47411520]	12	0.004739336492890996
21	[38076473, 38077229]	2	0.002642007926023778
21	[43729645, 43730298]	6	0.009174311926605505
21	[44590855, 44593971]	11	0.003529034327879371
21	[45746175, 45750888]	18	0.003818413237165889
21	[47296426, 47296722]	1	0.003367003367003367
21	[36280669, 36281230]	3	0.005338078291814947
21	[45722558, 45722863]	3	0.00980392156862745
21	[15454600, 15455022]	3	0.0070921985815602835
21	[47406185, 47406990]	1	0.0012406947890818859
21	[39072901, 39073411]	1	0.0019569471624266144
21	[44076197, 44076602]	2	0.0049261083743842365
21	[46976633, 46977648]	1	0.000984251968503937
21	[40021201, 40021334]	1	0.007462686567164179
21	[43163968, 43164425]	3	0.006550218340611353
21	[43989937, 43990085]	1	0.006711409395973154
21	[44180061, 44180429]	1	0.0027100271002710027
21	[45227656, 45228593]	2	0.0021321961620469083
21	[43680460, 43680539]	2	0.025
21	[46726499, 46727288]	1	0.0012658227848101266
21	[38882201, 38882360]	1	0.00625
2	[102680530, 102681551]	5	0.004892367906066536
2	[708887, 709092]	3	0.014563106796116505
2	[15262900, 15263411]	6	0.01171875
2	[43395658, 43396290]	6	0.009478672985781991
2	[46655822, 46656580]	1	0.0013175230566534915
2	[103978228, 103978454]	3	0.013215859030837005
2	[176283217, 176283628]	4	0.009708737864077669
2	[240779937, 240780132]	1	0.00510204081632653
2	[204778737, 204778975]	3	0.012552301255230125
2	[12041676, 12042178]	4	0.007952286282306162
2	[206640854, 206641161]	3	0.00974025974025974
2	[127315793, 127315859]	4	0.05970149253731343
2	[91815032, 91815591]	16	0.02857142857142857
2	[73291073, 73291296]	3	0.013392857142857142
2	[43202139, 43202660]	2	0.0038314176245210726
2	[194367274, 194367629]	7	0.019662921348314606
2	[74222791, 74223431]	3	0.0046801872074883
2	[20738958, 20740222]	6	0.0047430830039525695
2	[106042768, 106043437]	2	0.0029850746268656717
2	[145281410, 145282353]	6	0.006355932203389831
2	[75061835, 75062891]	3	0.002838221381267739
2	[128210880, 128211578]	5	0.00715307582260372
2	[114081355, 114081719]	2	0.005479452054794521
2	[43194545, 43196104]	5	0.003205128205128205
2	[75060759, 75061556]	2	0.002506265664160401
2	[26685243, 26685752]	3	0.0058823529411764705
2	[127955270, 127955764]	4	0.00808080808080808
2	[16928203, 16928309]	3	0.028037383177570093
2	[47761335, 47761831]	1	0.002012072434607646
2	[219844490, 219845277]	6	0.007614213197969543
2	[132276605, 132277096]	2	0.0040650406504065045
2	[38881285, 38881958]	4	0.005934718100890208
2	[127528646, 127529636]	6	0.006054490413723511
2	[220152569, 220153085]	5	0.009671179883945842
2	[112135591, 112136317]	2	0.002751031636863824
2	[201733411, 201733687]	1	0.0036101083032490976
2	[238814022, 238814297]	1	0.0036231884057971015
2	[128990594, 128991517]	2	0.0021645021645021645
2	[10530377, 10530654]	2	0.007194244604316547
2	[130985705, 130985809]	2	0.01904761904761905
2	[108532741, 108532863]	1	0.008130081300813009
2	[130911961, 130912366]	3	0.007389162561576354
2	[132228544, 132228889]	2	0.005780346820809248
2	[233937665, 233937843]	1	0.00558659217877095
2	[127643763, 127644450]	4	0.005813953488372093
2	[37572020, 37572409]	2	0.005128205128205128
2	[55920259, 55920399]	1	0.0070921985815602835
2	[74208272, 74209049]	2	0.002570694087403599
2	[9252219, 9252720]	5	0.0099601593625498
2	[27201017, 27201452]	2	0.0045871559633027525
2	[98651216, 98651509]	3	0.01020408163265306
2	[39935375, 39935444]	1	0.014285714285714285
2	[90060049, 90060437]	1	0.002570694087403599
2	[54304485, 54304912]	2	0.004672897196261682
2	[20382173, 20382761]	3	0.0050933786078098476
2	[152252244, 152252508]	1	0.0037735849056603774
2	[30463356, 30463515]	1	0.00625
2	[101619281, 101619437]	1	0.006369426751592357
2	[87768021, 87768418]	2	0.005025125628140704
2	[240134343, 240135000]	1	0.001519756838905775
2	[119640214, 119640606]	1	0.002544529262086514
2	[71709384, 71709578]	2	0.010256410256410256
2	[48542412, 48542638]	1	0.004405286343612335
2	[74307561, 74307688]	1	0.0078125
2	[170982905, 170982978]	2	0.02702702702702703
2	[231024873, 231025237]	1	0.0027397260273972603
2	[121641214, 121641568]	2	0.005633802816901409
2	[233273960, 233274161]	1	0.0049504950495049506
2	[85489396, 85489578]	1	0.00546448087431694
2	[29237956, 29238344]	1	0.002570694087403599
22	[20128552, 20130174]	8	0.004929143561306223
22	[23418548, 23418969]	3	0.0071090047393364926
22	[20275201, 20275938]	6	0.008130081300813009
22	[42908796, 42909662]	2	0.002306805074971165
22	[17859279, 17859471]	1	0.0051813471502590676
22	[23498457, 23499509]	7	0.006647673314339981
22	[28081567, 28081748]	4	0.02197802197802198
22	[42304713, 42305299]	2	0.0034071550255536627
22	[44228421, 44228493]	2	0.0273972602739726
22	[23045081, 23045360]	3	0.010714285714285714
22	[46938113, 46938674]	2	0.0035587188612099642
22	[45088001, 45088468]	1	0.002136752136752137
22	[40271331, 40271472]	2	0.014084507042253521
22	[40050872, 40051545]	1	0.001483679525222552
22	[21158266, 21158574]	1	0.003236245954692557
22	[37439984, 37440520]	1	0.00186219739292365
22	[19108346, 19108713]	1	0.002717391304347826
22	[17591896, 17591962]	1	0.014925373134328358
22	[18896653, 18896752]	1	0.01
22	[22067153, 22067914]	1	0.0013123359580052493
22	[19732988, 19733548]	1	0.0017825311942959
22	[19679199, 19679814]	2	0.003246753246753247
22	[30604646, 30605427]	2	0.0025575447570332483
22	[18371567, 18372069]	1	0.0019880715705765406
22	[24907249, 24907480]	3	0.01293103448275862
22	[17538985, 17539500]	1	0.001937984496124031
6	[30853577, 30854671]	5	0.0045662100456621
6	[33850865, 33850970]	3	0.02830188679245283
6	[31458188, 31458682]	2	0.00404040404040404
6	[42074829, 42075041]	1	0.004694835680751174
6	[169060100, 169060689]	3	0.005084745762711864
6	[164134754, 164135499]	7	0.00938337801608579
6	[29673420, 29673776]	6	0.01680672268907563
6	[87776222, 87776491]	7	0.025925925925925925
6	[135642434, 135642809]	3	0.007978723404255319
6	[153303398, 153303862]	3	0.0064516129032258064
6	[28928723, 28929168]	4	0.008968609865470852
6	[142887730, 142888346]	6	0.009724473257698542
6	[35512709, 35513138]	4	0.009302325581395349
6	[135396133, 135396476]	3	0.00872093023255814
6	[30582621, 30583047]	6	0.01405152224824356
6	[13273453, 13273716]	1	0.003787878787878788
6	[143014025, 143014439]	2	0.004819277108433735
6	[119215668, 119215915]	2	0.008064516129032258
6	[3337841, 3338451]	1	0.0016366612111292963
6	[33247633, 33248337]	3	0.00425531914893617
6	[30690358, 30690736]	3	0.0079155672823219
6	[143356137, 143356408]	3	0.011029411764705883
6	[24451986, 24452265]	1	0.0035714285714285713
6	[29933736, 29934160]	2	0.004705882352941176
6	[105119064, 105119461]	3	0.007537688442211055
6	[40367723, 40367906]	3	0.016304347826086956
6	[32156013, 32156406]	1	0.0025380710659898475
6	[90644759, 90645077]	3	0.009404388714733543
6	[164000253, 164000770]	4	0.007722007722007722
6	[138276331, 138276720]	2	0.005128205128205128
6	[1515255, 1516003]	3	0.004005340453938585
6	[6890718, 6891173]	2	0.0043859649122807015
6	[3162748, 3163640]	3	0.0033594624860022394
6	[26330452, 26330613]	2	0.012345679012345678
6	[28693756, 28694046]	1	0.003436426116838488
6	[119652008, 119652146]	1	0.007194244604316547
6	[30735299, 30735699]	1	0.0024937655860349127
6	[44019028, 44019544]	2	0.0038684719535783366
6	[135512683, 135513212]	1	0.0018867924528301887
6	[160209906, 160209992]	1	0.011494252873563218
6	[43013211, 43013444]	1	0.004273504273504274
6	[135644192, 135644779]	1	0.0017006802721088435
6	[138166683, 138166831]	1	0.006711409395973154
6	[33871924, 33872564]	3	0.0046801872074883
6	[31577822, 31578135]	1	0.0031847133757961785
X	[153871843, 153872800]	2	0.0020876826722338203
X	[57618314, 57619263]	5	0.005263157894736842
X	[129225669, 129226681]	7	0.006910167818361303
X	[39967299, 39969433]	4	0.001873536299765808
X	[106984853, 106985834]	5	0.0050916496945010185
X	[54867763, 54868052]	6	0.020689655172413793
X	[152739926, 152740555]	3	0.004761904761904762
X	[53710076, 53711670]	5	0.003134796238244514
X	[129254334, 129255373]	4	0.0038461538461538464
X	[17806491, 17806954]	2	0.004310344827586207
X	[47372567, 47373106]	1	0.001851851851851852
X	[47436823, 47437167]	1	0.002898550724637681
X	[40869228, 40870030]	1	0.0012453300124533001
10	[131769662, 131770276]	6	0.00975609756097561
10	[72445338, 72445788]	2	0.004434589800443459
10	[7837609, 7837967]	1	0.002785515320334262
10	[85996975, 85997520]	3	0.005494505494505495
10	[7914112, 7914269]	1	0.006329113924050633
10	[72678949, 72679409]	4	0.008676789587852495
10	[91738360, 91738543]	3	0.016304347826086956
10	[73044658, 73045640]	2	0.002034587995930824
10	[80988909, 80989058]	1	0.006666666666666667
10	[49395196, 49395556]	5	0.013850415512465374
10	[27443831, 27445099]	4	0.0031520882584712374
10	[43758158, 43759560]	8	0.005702066999287242
10	[73150441, 73150581]	1	0.0070921985815602835
10	[47622317, 47622924]	3	0.004934210526315789
10	[30966148, 30966917]	3	0.003896103896103896
10	[11239421, 11239665]	1	0.004081632653061225
10	[3087891, 3088532]	2	0.003115264797507788
10	[103871962, 103872579]	3	0.0048543689320388345
10	[80892347, 80892988]	3	0.004672897196261682
10	[80712605, 80713406]	4	0.004987531172069825
10	[116363821, 116364058]	1	0.004201680672268907
10	[43458939, 43459008]	3	0.04285714285714286
10	[33619399, 33619809]	2	0.004866180048661801
10	[61889781, 61890282]	3	0.00597609561752988
10	[65661048, 65661316]	2	0.007434944237918215
10	[72220986, 72221548]	2	0.003552397868561279
10	[125559828, 125560320]	6	0.012170385395537525
10	[29607339, 29607911]	1	0.0017452006980802793
10	[81023009, 81023411]	2	0.004962779156327543
10	[35283573, 35283986]	3	0.007246376811594203
10	[82265065, 82265712]	3	0.004629629629629629
10	[5064145, 5064328]	1	0.005434782608695652
10	[99159802, 99160457]	1	0.001524390243902439
10	[102118787, 102119207]	1	0.0023752969121140144
10	[86300216, 86300747]	1	0.0018796992481203006
10	[33798171, 33798360]	3	0.015789473684210527
10	[72147343, 72147590]	1	0.004032258064516129
10	[73362991, 73363147]	1	0.006369426751592357
10	[102998530, 102998840]	1	0.003215434083601286
10	[97774419, 97774784]	1	0.00273224043715847
10	[71567444, 71567782]	2	0.0058997050147492625
10	[73454370, 73454670]	1	0.0033222591362126247
10	[77165159, 77165469]	1	0.003215434083601286
10	[73046777, 73047102]	1	0.003067484662576687
9	[131768484, 131769937]	5	0.0034387895460797797
9	[133853039, 133853290]	4	0.015873015873015872
9	[137035813, 137036393]	6	0.010327022375215147
9	[138577104, 138577792]	4	0.005805515239477504
9	[132948778, 132950238]	4	0.0027378507871321013
9	[128189933, 128191024]	3	0.0027472527472527475
9	[132441842, 132442266]	4	0.009411764705882352
9	[137109631, 137110018]	2	0.005154639175257732
9	[133719529, 133719866]	1	0.0029585798816568047
9	[127103616, 127104324]	3	0.004231311706629055
9	[94898354, 94898540]	2	0.0106951871657754
9	[139678775, 139678854]	1	0.0125
9	[138671355, 138673226]	10	0.005341880341880342
9	[68408454, 68408973]	7	0.013461538461538462
9	[138440285, 138440513]	7	0.03056768558951965
9	[139634485, 139635269]	6	0.007643312101910828
9	[138483374, 138483617]	3	0.012295081967213115
9	[138669527, 138669913]	2	0.00516795865633075
9	[140276422, 140276597]	2	0.011363636363636364
9	[95875633, 95876381]	4	0.0053404539385847796
9	[139061721, 139062895]	7	0.005957446808510639
9	[117155037, 117155328]	1	0.003424657534246575
9	[139145950, 139148401]	7	0.0028548123980424145
9	[132185073, 132185872]	1	0.00125
9	[129435999, 129436178]	1	0.005555555555555556
9	[90094672, 90095021]	2	0.005714285714285714
9	[132482451, 132482523]	3	0.0410958904109589
9	[74261902, 74262532]	1	0.001584786053882726
9	[6354108, 6354468]	2	0.00554016620498615
9	[135115952, 135117809]	1	0.0005382131324004305
9	[128908541, 128908901]	2	0.00554016620498615
9	[99961982, 99962525]	2	0.003676470588235294
9	[139855911, 139856267]	2	0.0056022408963585435
9	[139129594, 139130406]	3	0.0036900369003690036
9	[127605822, 127606050]	2	0.008733624454148471
9	[111725824, 111726337]	2	0.0038910505836575876
9	[44118679, 44118928]	1	0.004
9	[14322153, 14323300]	1	0.0008710801393728223
9	[137184995, 137185086]	1	0.010869565217391304
9	[139512239, 139512466]	1	0.0043859649122807015
9	[116036725, 116037102]	1	0.0026455026455026454
20	[47214531, 47214893]	3	0.008264462809917356
20	[62329994, 62332455]	7	0.002843216896831844
20	[2499299, 2499633]	4	0.011940298507462687
20	[59904357, 59904500]	1	0.006944444444444444
20	[30263062, 30264564]	6	0.003992015968063872
20	[60783632, 60784277]	1	0.0015479876160990713
20	[48653024, 48653330]	1	0.003257328990228013
20	[35463669, 35464671]	4	0.003988035892323031
20	[2802618, 2803101]	1	0.002066115702479339
20	[36839074, 36839589]	1	0.001937984496124031
20	[30294423, 30294900]	3	0.006276150627615063
20	[37434780, 37435273]	7	0.01417004048582996
20	[35928507, 35928853]	2	0.005763688760806916
20	[44985726, 44986022]	1	0.003367003367003367
20	[49461232, 49461650]	2	0.00477326968973747
20	[37302316, 37303544]	10	0.008136696501220505
20	[35976267, 35976890]	6	0.009615384615384616
20	[56229217, 56230249]	6	0.005808325266214908
20	[25834473, 25834899]	2	0.00468384074941452
20	[23965153, 23965653]	1	0.001996007984031936
20	[32269560, 32269879]	1	0.003125
20	[61525220, 61525384]	2	0.012121212121212121
20	[56995862, 56996239]	1	0.0026455026455026454
20	[30328103, 30328344]	1	0.004132231404958678
20	[32242731, 32242852]	2	0.01639344262295082
20	[4006374, 4007087]	1	0.0014005602240896359
20	[48447875, 48448224]	1	0.002857142857142857
18	[78011769, 78012160]	5	0.012755102040816327
18	[35117713, 35118311]	4	0.00667779632721202
18	[11916803, 11917321]	3	0.005780346820809248
18	[44108184, 44108402]	1	0.0045662100456621
18	[12076367, 12076932]	4	0.007067137809187279
18	[72956367, 72956593]	1	0.004405286343612335
18	[21656144, 21656583]	1	0.0022727272727272726
18	[47926910, 47927121]	1	0.0047169811320754715
18	[54456911, 54457128]	1	0.0045871559633027525
18	[23751104, 23751404]	1	0.0033222591362126247
