CHROMOSOME	INTERVAL	NUM_HITS	MUTATION_RATE
3	[42881176, 42881460]	2	0.007017543859649123
3	[14273847, 14274711]	11	0.012716763005780347
3	[47446226, 47449355]	6	0.0019169329073482429
3	[13048976, 13049918]	4	0.0042417815482502655
3	[14503202, 14503632]	4	0.009280742459396751
3	[170876774, 170877534]	4	0.005256241787122208
3	[10492333, 10492456]	4	0.03225806451612903
3	[185419673, 185420073]	1	0.0024937655860349127
3	[167720556, 167720810]	1	0.00392156862745098
3	[171488602, 171489404]	1	0.0012453300124533001
3	[197247657, 197248311]	1	0.0015267175572519084
3	[128197964, 128198303]	2	0.0058823529411764705
3	[125677374, 125677462]	1	0.011235955056179775
3	[37586952, 37587378]	1	0.00234192037470726
4	[10347775, 10348014]	2	0.008333333333333333
4	[164116158, 164117110]	21	0.022035676810073453
4	[14864269, 14865026]	2	0.002638522427440633
4	[155320722, 155320976]	1	0.00392156862745098
1	[41981482, 41982972]	9	0.006036217303822937
1	[2245164, 2250541]	20	0.003718854592785422
1	[144881357, 144881774]	4	0.009569377990430622
1	[161695903, 161697582]	14	0.008333333333333333
1	[1003309, 1006333]	14	0.004628099173553719
1	[22457826, 22459465]	8	0.004878048780487805
1	[21933976, 21935670]	7	0.004129793510324484
1	[6190376, 6190612]	3	0.012658227848101266
1	[161591145, 161591700]	8	0.014388489208633094
1	[12612021, 12612933]	7	0.007667031763417305
1	[87800106, 87801517]	6	0.00424929178470255
1	[32235705, 32236057]	1	0.0028328611898017
1	[16265322, 16266499]	4	0.003395585738539898
1	[154989431, 154990715]	9	0.007003891050583658
1	[25895344, 25896068]	4	0.005517241379310344
1	[228078202, 228078545]	2	0.005813953488372093
1	[211589485, 211590292]	2	0.0024752475247524753
1	[23854612, 23855195]	5	0.008561643835616438
1	[16343781, 16344437]	2	0.0030441400304414
1	[43471511, 43471995]	1	0.002061855670103093
1	[156368255, 156368549]	2	0.006779661016949152
1	[27941160, 27941922]	3	0.003931847968545216
1	[227760356, 227760832]	2	0.0041928721174004195
1	[167191104, 167191540]	1	0.002288329519450801
1	[67813385, 67813737]	1	0.0028328611898017
1	[29181904, 29182417]	1	0.0019455252918287938
21	[44343810, 44344621]	4	0.0049261083743842365
21	[44481768, 44482653]	3	0.003386004514672686
21	[47319872, 47320124]	3	0.011857707509881422
12	[74564399, 74565735]	30	0.02243829468960359
12	[57581592, 57582488]	3	0.0033444816053511705
12	[49453288, 49455376]	9	0.00430828147438966
12	[131768344, 131769432]	13	0.011937557392102846
12	[54920897, 54921261]	5	0.0136986301369863
12	[102333566, 102333938]	1	0.002680965147453083
12	[55808236, 55809062]	4	0.0048367593712212815
12	[49735774, 49737549]	8	0.0045045045045045045
12	[129056665, 129057327]	4	0.006033182503770739
12	[124412850, 124413216]	2	0.005449591280653951
12	[132855665, 132856070]	1	0.0024630541871921183
12	[28913087, 28913196]	1	0.00909090909090909
7	[128027212, 128028889]	5	0.0029797377830750892
7	[155260490, 155261225]	8	0.010869565217391304
7	[143052380, 143052989]	6	0.009836065573770493
7	[43288490, 43288975]	5	0.0102880658436214
7	[99994785, 99995613]	3	0.0036188178528347406
7	[100743307, 100744040]	3	0.004087193460490463
7	[127841185, 127841645]	2	0.004338394793926247
7	[431116, 431638]	3	0.0057361376673040155
7	[2845010, 2845597]	1	0.0017006802721088435
7	[106174839, 106175183]	1	0.002898550724637681
7	[128546445, 128546736]	1	0.003424657534246575
11	[5958290, 5958513]	5	0.022321428571428572
11	[5952145, 5952219]	1	0.013333333333333334
11	[67146618, 67147549]	8	0.008583690987124463
11	[45361462, 45362118]	3	0.0045662100456621
11	[2760226, 2763433]	13	0.004052369077306733
11	[35982733, 35982869]	3	0.021897810218978103
11	[75886723, 75887003]	1	0.0035587188612099642
11	[1249082, 1249732]	5	0.007680491551459293
11	[1851908, 1852517]	4	0.006557377049180328
11	[2187264, 2188274]	3	0.002967359050445104
11	[1981070, 1982258]	5	0.004205214465937763
11	[66829901, 66830210]	2	0.0064516129032258064
11	[67260358, 67260880]	2	0.0038240917782026767
11	[59474323, 59474803]	3	0.006237006237006237
11	[87836837, 87837208]	2	0.005376344086021506
11	[66812705, 66813123]	1	0.002386634844868735
17	[47816866, 47817699]	4	0.004796163069544364
17	[79013896, 79015193]	3	0.0023112480739599386
17	[78429570, 78431718]	10	0.004653327128897162
17	[55517738, 55518782]	3	0.0028708133971291866
17	[17045070, 17045610]	2	0.0036968576709796672
17	[33775136, 33775663]	2	0.003787878787878788
17	[48178312, 48179481]	1	0.0008547008547008547
17	[77685435, 77685910]	2	0.004201680672268907
17	[21360179, 21360778]	2	0.0033333333333333335
19	[42683401, 42683822]	3	0.0071090047393364926
19	[3669468, 3672694]	18	0.005577936163619461
19	[40422810, 40423079]	2	0.007407407407407408
19	[2731104, 2731523]	3	0.007142857142857143
19	[921611, 922123]	1	0.001949317738791423
19	[47508327, 47509446]	2	0.0017857142857142857
19	[52056180, 52056952]	6	0.007761966364812419
19	[46379446, 46380544]	7	0.006369426751592357
19	[49012526, 49014456]	9	0.004660797514241326
19	[14338559, 14339700]	1	0.0008756567425569177
19	[17031524, 17033917]	19	0.007936507936507936
19	[831605, 832305]	5	0.007132667617689016
19	[3722590, 3723100]	1	0.0019569471624266144
19	[5803626, 5806272]	6	0.0022667170381564035
19	[51296880, 51298737]	10	0.005382131324004306
19	[3403815, 3404919]	3	0.0027149321266968325
19	[835357, 835583]	3	0.013215859030837005
19	[6271617, 6272890]	5	0.003924646781789639
19	[18900692, 18901312]	1	0.001610305958132045
19	[54931125, 54932558]	4	0.002789400278940028
19	[42656738, 42656816]	1	0.012658227848101266
19	[1759038, 1759490]	1	0.002207505518763797
19	[47289430, 47290353]	1	0.0010822510822510823
19	[1230844, 1231145]	2	0.006622516556291391
8	[145686981, 145688994]	5	0.0024826216484607746
8	[128938261, 128938858]	1	0.0016722408026755853
8	[102138402, 102139441]	5	0.004807692307692308
8	[41003876, 41004257]	4	0.010471204188481676
8	[37692526, 37694041]	8	0.005277044854881266
10	[101666219, 101666601]	2	0.005221932114882507
10	[81227134, 81228289]	3	0.0025951557093425604
10	[134497952, 134499623]	12	0.007177033492822967
10	[134234556, 134235520]	5	0.0051813471502590676
10	[5602170, 5602919]	8	0.010666666666666666
10	[119001047, 119001720]	4	0.005934718100890208
10	[75626885, 75627517]	3	0.004739336492890996
15	[66544613, 66545649]	8	0.007714561234329798
15	[90834767, 90835388]	3	0.00482315112540193
15	[64752286, 64754508]	2	0.000899685110211426
15	[102037808, 102038664]	1	0.0011668611435239206
15	[29275601, 29276141]	4	0.0073937153419593345
22	[20292907, 20296861]	24	0.00606826801517067
22	[32924895, 32925433]	5	0.00927643784786642
22	[39870483, 39871095]	1	0.0016313213703099511
22	[19784621, 19785043]	2	0.004728132387706856
22	[39257663, 39257728]	2	0.030303030303030304
22	[24335704, 24336271]	2	0.0035211267605633804
16	[88705434, 88707616]	10	0.004580852038479157
16	[85403335, 85404978]	7	0.004257907542579075
16	[1333326, 1333680]	1	0.0028169014084507044
16	[3537970, 3538484]	2	0.003883495145631068
16	[23978363, 23978762]	3	0.0075
16	[71599276, 71599723]	4	0.008928571428571428
16	[334382, 336421]	6	0.0029411764705882353
16	[2888786, 2889464]	3	0.004418262150220913
16	[87886963, 87888813]	7	0.0037817396002160996
16	[10830916, 10831308]	2	0.005089058524173028
16	[88565788, 88566859]	4	0.0037313432835820895
16	[84869868, 84870309]	4	0.00904977375565611
16	[31019460, 31019855]	3	0.007575757575757576
16	[89154518, 89154776]	1	0.003861003861003861
16	[30789780, 30790497]	1	0.001392757660167131
X	[115009125, 115010032]	7	0.007709251101321586
X	[148255, 149025]	1	0.0012970168612191958
X	[18904494, 18905248]	2	0.0026490066225165563
X	[53346558, 53347133]	5	0.008680555555555556
X	[48797747, 48798356]	4	0.006557377049180328
X	[118942963, 118943493]	2	0.003766478342749529
2	[55283223, 55283544]	5	0.015527950310559006
2	[20410341, 20411466]	5	0.004440497335701598
2	[46770973, 46771615]	4	0.006220839813374806
2	[74063665, 74063826]	1	0.006172839506172839
2	[176975900, 176976623]	7	0.009668508287292817
2	[8675906, 8677898]	4	0.002007024586051179
2	[37642158, 37642900]	4	0.005383580080753701
2	[96396512, 96396971]	1	0.002173913043478261
2	[230995742, 230996027]	3	0.01048951048951049
2	[12044329, 12044610]	2	0.0070921985815602835
2	[102783007, 102783130]	3	0.024193548387096774
2	[8665160, 8666881]	4	0.0023228803716608595
2	[234684135, 234684382]	8	0.03225806451612903
2	[97539295, 97540227]	2	0.0021436227224008574
2	[96347986, 96349193]	3	0.0024834437086092716
2	[71211836, 71212658]	2	0.002430133657351154
2	[85938213, 85938536]	1	0.0030864197530864196
2	[10570176, 10570666]	2	0.004073319755600814
2	[242804266, 242804589]	2	0.006172839506172839
14	[77379571, 77380454]	11	0.012443438914027148
14	[77238841, 77240349]	7	0.004638833664678595
14	[35805608, 35806568]	5	0.005202913631633715
14	[101366579, 101367597]	7	0.0068694798822374874
9	[127273091, 127276223]	10	0.0031918289179699967
9	[132900349, 132901556]	2	0.0016556291390728477
9	[125342688, 125343038]	1	0.002849002849002849
9	[138869871, 138870716]	4	0.004728132387706856
9	[140854304, 140855335]	3	0.0029069767441860465
9	[132497836, 132498866]	4	0.0038797284190106693
9	[132040598, 132041264]	2	0.0029985007496251873
9	[138507454, 138507946]	1	0.002028397565922921
5	[17413529, 17413709]	3	0.016574585635359115
5	[123964613, 123965314]	6	0.008547008547008548
5	[137785016, 137786182]	7	0.005998286203941731
5	[541424, 542458]	4	0.003864734299516908
5	[121027182, 121027515]	4	0.011976047904191617
5	[176992155, 176992405]	2	0.00796812749003984
5	[534094, 535361]	13	0.01025236593059937
5	[74421, 74807]	3	0.007751937984496124
5	[175596618, 175597007]	1	0.002564102564102564
5	[1672633, 1672913]	1	0.0035587188612099642
5	[96211746, 96212557]	3	0.003694581280788177
5	[133787533, 133787975]	2	0.004514672686230248
20	[56784633, 56785407]	5	0.0064516129032258064
20	[61023921, 61024220]	2	0.006666666666666667
20	[48653807, 48654656]	3	0.0035294117647058825
20	[19983191, 19983470]	2	0.007142857142857143
20	[5383600, 5383865]	2	0.007518796992481203
20	[61453658, 61454602]	3	0.0031746031746031746
6	[28948408, 28949230]	8	0.009720534629404616
6	[34109712, 34110946]	7	0.005668016194331984
6	[35479481, 35480057]	4	0.006932409012131715
6	[41735675, 41737209]	2	0.0013029315960912053
6	[14865912, 14866007]	4	0.041666666666666664
6	[167917953, 167918624]	2	0.002976190476190476
6	[44117802, 44118599]	3	0.0037593984962406013
6	[80349894, 80349972]	1	0.012658227848101266
18	[46474737, 46475460]	3	0.004143646408839779
18	[14146767, 14147462]	1	0.0014367816091954023
13	[20692854, 20693695]	5	0.0059382422802850355
13	[99133073, 99133806]	4	0.005449591280653951
13	[107272326, 107272614]	1	0.0034602076124567475
